10000
652
707
110
781
958
785
91
112
296
765
733
711
669
325
944
678
797
647
820
366
706
75
751
137
95
347
259
87
58
779
99
472
880
711
613
498
798
768
387
462
178
882
792
584
972
47
553
896
567
658
266
57
918
510
495
761
448
99
350
709
344
432
872
305
686
763
341
922
287
98
537
153
466
353
238
961
259
945
520
33
613
888
771
232
272
362
48
562
409
645
309
968
926
765
322
413
346
385
906
576
593
330
535
952
641
835
992
511
643
656
600
339
278
97
731
160
445
533
965
988
474
978
649
786
106
440
287
714
422
923
357
964
931
865
27
414
242
120
21
421
207
332
191
823
359
535
297
916
677
880
175
458
393
561
510
557
164
776
223
396
966
100
712
13
644
410
464
818
745
459
279
960
680
414
922
733
965
3
640
140
369
792
478
324
952
773
461
53
309
886
621
545
622
591
302
62
319
860
554
132
74
574
97
616
587
609
670
131
469
995
362
879
715
23
106
855
120
243
806
835
459
734
114
386
333
866
291
957
891
902
616
350
344
966
600
211
259
46
990
686
903
154
616
487
331
982
293
227
300
449
251
559
202
879
363
598
83
883
641
726
215
649
859
272
267
703
271
536
786
174
565
185
154
841
713
45
547
556
578
805
668
890
854
751
353
570
419
735
122
678
128
870
943
438
109
841
441
22
248
224
574
403
671
191
567
875
712
561
101
315
633
534
590
954
515
174
33
600
816
847
740
456
4
912
739
98
863
942
654
493
92
233
143
364
269
329
850
381
447
654
906
107
338
674
437
364
213
751
606
335
394
798
730
88
417
653
857
671
115
849
424
951
805
415
222
206
99
325
914
517
406
468
98
202
500
831
904
169
390
184
449
845
737
327
309
372
988
663
200
862
92
620
923
920
415
89
636
127
751
172
532
353
953
497
287
189
532
243
620
619
392
762
637
933
326
40
753
282
283
977
91
971
472
192
118
974
794
293
350
466
495
353
705
827
106
985
633
942
673
580
478
385
721
552
428
347
620
276
315
395
986
701
972
777
837
136
896
98
837
688
953
460
763
327
178
225
879
94
953
75
135
364
281
762
273
111
525
838
509
801
263
336
621
533
180
348
640
738
796
477
846
594
82
14
589
223
678
514
109
186
667
268
176
835
962
678
830
916
690
472
82
297
999
26
50
415
747
579
615
270
819
886
970
714
407
348
561
711
714
532
479
153
96
221
202
737
487
260
578
258
419
225
146
434
690
40
336
718
946
509
21
40
818
608
593
948
341
216
647
18
275
384
137
895
82
341
981
839
886
661
783
521
789
716
967
410
127
938
912
665
867
825
679
697
561
475
77
506
922
448
541
50
901
375
302
864
42
637
823
294
314
790
834
848
61
753
32
172
366
912
737
852
170
80
544
675
8
386
646
279
312
747
179
42
368
9
241
3
538
656
347
255
727
836
337
197
145
720
280
371
972
740
871
295
694
3
736
351
692
705
900
998
345
750
613
783
310
525
800
384
398
833
321
68
396
252
136
682
696
321
302
390
972
895
699
140
319
940
316
560
255
833
239
525
491
633
628
266
445
81
474
100
630
763
168
565
394
675
321
685
284
291
5
51
920
241
473
972
440
95
927
82
351
820
812
338
930
974
424
43
522
443
576
618
419
820
302
687
781
922
588
171
715
919
119
611
46
826
812
348
699
978
814
392
123
815
655
857
452
629
598
551
480
675
178
322
321
252
1000
491
885
786
258
627
361
824
41
290
366
598
549
784
38
978
166
335
747
641
123
419
75
612
477
465
426
466
297
238
605
263
109
108
189
542
279
731
26
653
244
443
684
147
836
117
211
743
371
120
515
723
164
217
412
473
237
421
16
445
492
495
947
29
762
305
879
764
998
221
454
990
669
743
566
870
477
586
336
247
195
340
630
199
156
245
512
628
986
49
849
294
507
810
685
412
839
670
785
457
394
629
996
916
975
721
117
519
37
983
868
223
11
221
273
515
179
249
705
997
429
893
723
283
284
780
45
144
938
201
313
871
478
829
747
462
989
530
485
735
227
108
678
118
538
773
814
407
640
222
10
305
940
170
123
527
210
640
495
189
4
786
959
862
360
549
128
446
624
865
393
373
384
581
671
308
182
29
162
98
964
993
420
316
375
205
768
144
890
471
398
637
261
406
364
412
539
810
300
834
615
973
640
836
641
448
936
670
925
787
34
434
80
707
24
598
639
726
936
608
732
902
666
63
62
173
228
123
149
88
624
235
985
477
481
197
533
364
340
994
246
261
823
48
603
110
660
193
970
594
838
658
436
260
315
980
646
240
393
572
207
645
75
463
24
441
770
431
850
155
21
807
500
931
357
722
466
647
563
582
861
722
644
106
706
167
201
403
491
800
658
526
141
39
947
875
432
783
576
249
368
594
584
10
311
378
750
817
596
556
153
48
890
989
60
424
736
272
176
180
556
589
443
425
621
803
833
577
756
421
446
692
531
779
734
542
212
335
384
307
60
806
991
125
29
515
665
791
271
972
131
315
752
627
595
173
838
650
423
232
705
355
94
214
329
999
850
554
978
990
804
438
386
146
902
580
991
298
857
245
965
829
960
543
634
842
314
620
581
349
942
174
756
942
514
418
940
145
854
987
289
104
351
317
794
193
850
844
761
847
136
167
599
154
774
543
425
969
360
402
426
693
49
321
393
355
362
402
556
746
267
338
650
318
559
758
816
681
87
884
643
19
647
637
490
685
775
8
319
336
952
582
854
22
674
309
965
593
115
564
752
779
897
364
739
787
793
726
528
935
745
403
656
481
30
894
835
9
528
646
926
254
168
248
172
603
940
394
816
90
932
381
943
352
515
800
707
256
394
55
312
461
557
677
928
455
195
736
458
988
712
366
528
170
634
83
331
836
266
406
279
32
444
880
715
620
366
317
656
321
418
135
18
595
94
875
468
675
585
9
973
521
791
421
774
866
23
463
705
918
581
434
701
118
105
706
643
703
284
422
544
47
888
74
179
39
693
729
77
279
239
588
421
719
143
72
182
368
315
219
779
578
770
658
567
885
779
643
922
504
842
755
297
154
484
112
339
55
104
23
440
410
679
742
250
253
816
189
368
755
112
288
889
87
199
421
424
107
112
744
82
993
723
320
224
995
627
328
841
16
102
310
235
727
121
423
408
816
584
86
51
484
629
740
701
973
436
88
372
488
880
137
851
386
626
370
280
458
421
840
794
326
76
603
484
818
499
34
295
726
282
174
566
832
611
42
203
725
93
958
633
673
43
914
516
588
198
907
222
586
491
714
167
876
636
509
584
125
370
73
838
967
233
266
42
367
230
50
456
467
199
368
968
255
501
283
74
108
937
887
77
456
321
68
226
66
871
330
618
728
554
489
821
571
282
682
409
931
844
114
955
573
148
369
625
999
911
181
940
828
825
932
803
678
827
186
171
410
385
237
509
714
909
944
468
966
367
693
517
477
750
142
387
132
683
624
137
744
117
406
829
29
30
659
581
837
247
615
411
534
888
595
330
989
367
891
542
336
558
27
73
726
470
671
688
649
786
847
454
87
302
639
525
676
855
725
765
690
577
409
334
925
421
813
524
386
170
641
59
706
347
682
769
239
104
85
514
1
941
819
769
581
373
562
210
130
219
600
200
884
935
296
346
10
122
327
565
164
721
839
866
570
642
11
63
676
393
127
878
790
872
210
815
565
689
644
962
967
977
769
120
842
489
918
711
186
640
138
269
762
661
256
477
62
72
920
352
286
700
605
384
79
703
775
24
568
794
843
637
358
838
951
298
481
139
507
498
897
344
342
736
566
922
702
561
451
684
609
697
418
87
465
739
54
692
898
132
538
341
844
500
595
739
203
127
397
786
217
199
449
264
951
637
502
100
498
261
217
699
455
137
852
323
322
454
55
381
642
433
773
647
832
635
785
547
308
102
898
982
221
783
191
311
649
897
169
754
597
804
775
272
893
650
979
225
560
697
494
476
910
907
908
655
860
5
30
281
803
625
260
94
562
112
111
225
760
680
323
664
195
966
728
723
482
506
899
580
424
842
350
517
758
57
529
528
313
659
494
985
92
993
371
416
812
128
382
853
169
173
972
27
180
407
862
890
473
281
350
72
318
984
859
794
749
641
781
284
772
138
474
361
135
175
926
600
150
587
487
988
723
74
184
727
846
938
186
924
570
253
382
907
748
667
898
811
998
838
66
109
485
354
895
196
305
392
408
913
461
538
990
608
46
70
280
176
113
418
900
29
960
648
970
855
639
870
749
865
334
744
291
163
925
709
735
631
392
422
77
232
168
910
480
163
972
266
818
20
500
593
534
569
83
582
722
39
32
597
824
523
295
535
456
911
343
486
754
408
319
723
735
131
433
405
508
684
748
570
732
329
724
899
214
997
305
425
542
386
700
167
197
888
396
523
552
567
502
661
187
477
545
343
957
848
40
802
816
600
497
921
61
225
481
284
862
420
239
321
852
695
984
486
520
615
157
175
919
280
425
788
104
237
444
853
789
356
331
384
44
269
559
295
103
438
142
475
222
539
496
873
169
919
349
747
910
876
880
14
908
81
825
418
185
818
362
322
697
355
126
373
50
679
631
21
917
924
549
933
919
555
157
88
455
654
815
611
604
617
230
657
494
752
926
51
378
551
917
117
772
765
160
602
911
364
179
364
552
388
311
816
164
318
631
660
642
919
314
953
660
213
205
599
782
90
923
961
897
312
172
362
669
413
678
228
152
683
157
720
992
86
744
101
754
257
260
947
888
778
55
297
25
874
838
339
896
129
104
982
310
329
74
462
213
398
979
523
115
793
199
967
737
813
642
524
357
276
708
734
635
644
611
975
42
650
496
81
101
716
351
853
903
176
235
649
966
358
989
41
405
818
411
627
811
764
194
752
150
251
427
75
269
121
837
604
403
768
89
802
845
235
470
215
795
781
563
770
110
700
410
333
330
239
293
357
887
38
385
147
988
347
145
201
898
14
457
146
820
597
509
685
657
152
648
505
430
278
843
236
214
221
227
479
483
152
550
563
529
28
356
736
22
819
616
777
371
329
4
756
559
538
656
363
737
372
229
544
832
759
17
25
780
983
463
129
559
929
429
397
364
189
653
770
375
800
397
426
288
62
940
567
518
41
971
8
798
996
198
107
556
458
444
918
298
206
720
339
456
461
218
572
361
532
785
750
840
713
349
362
745
516
763
938
492
747
840
402
517
595
539
378
123
526
544
419
439
832
869
491
195
849
787
352
706
199
160
604
447
576
525
969
357
368
531
337
614
438
217
429
449
709
59
695
153
467
279
919
339
175
873
987
321
97
681
718
946
844
7
873
591
343
826
829
114
653
349
574
508
851
750
267
880
136
941
557
786
740
363
350
911
31
307
650
270
495
564
601
997
288
124
309
851
268
933
563
154
601
771
608
172
610
901
888
628
961
501
83
264
302
659
804
957
593
5
466
700
777
719
440
416
133
168
79
116
186
123
242
145
143
291
916
281
699
610
858
931
70
330
246
758
775
247
891
469
871
856
152
724
782
920
703
233
492
77
25
400
783
98
497
40
35
705
758
762
640
12
684
206
770
366
722
872
915
700
547
944
444
921
754
94
638
982
730
868
328
411
909
934
535
585
155
812
891
342
591
349
166
438
341
99
161
190
739
496
542
637
545
304
460
597
430
614
848
925
117
922
351
19
602
656
55
481
428
806
523
780
712
120
581
404
725
246
895
628
851
768
658
818
192
323
468
936
895
452
334
250
894
17
328
38
199
889
711
2
992
771
881
449
131
167
517
533
997
263
763
155
301
272
846
920
252
526
657
702
319
937
828
808
28
698
220
300
135
77
4
760
576
300
946
394
30
77
969
165
259
715
475
606
514
266
560
593
468
842
688
516
276
572
784
978
499
329
810
662
849
102
539
602
637
337
591
246
243
31
956
960
38
519
920
713
792
407
69
570
3
524
97
788
550
838
650
957
475
434
982
165
72
442
736
325
659
504
761
435
582
303
448
307
115
263
641
212
812
575
485
73
549
614
158
406
235
911
635
539
934
382
860
364
503
576
938
643
825
899
812
411
392
171
380
685
294
186
741
45
615
691
941
827
825
573
40
734
977
948
144
72
36
915
133
48
418
993
714
737
322
968
247
628
61
332
641
514
216
897
188
152
269
882
920
530
834
811
323
865
965
82
644
807
17
398
535
105
745
270
942
760
458
852
321
191
134
392
671
18
530
130
630
890
140
525
84
65
835
844
964
467
547
390
932
49
761
948
144
60
282
669
221
80
5
414
602
636
792
313
403
869
707
159
440
95
95
387
449
826
863
532
245
923
542
825
727
992
388
928
829
172
282
993
468
567
405
884
533
82
72
985
117
362
765
895
995
232
886
625
410
124
580
933
551
749
703
440
278
455
654
182
876
230
381
218
999
153
951
307
746
205
552
1
654
681
224
953
604
676
637
702
996
615
256
395
889
994
315
747
579
212
569
69
882
267
326
95
111
22
580
558
321
303
356
341
490
580
268
122
518
461
124
54
66
535
715
765
120
866
471
263
821
533
735
496
716
980
102
924
207
669
292
722
240
265
418
505
13
816
309
472
266
822
7
816
439
907
298
173
505
759
319
555
709
653
982
86
639
235
432
979
668
961
99
328
599
558
597
474
532
198
11
945
992
693
917
357
318
442
848
993
467
322
635
664
544
941
748
327
989
805
395
901
690
855
280
67
670
621
325
748
127
293
907
682
610
945
608
338
602
842
515
850
478
385
529
381
75
738
732
73
561
391
548
511
28
911
593
381
950
393
236
896
547
32
102
276
435
866
793
989
494
268
262
65
227
242
304
388
143
901
245
750
525
788
725
375
655
339
854
518
595
214
139
295
546
609
553
149
512
458
998
931
962
82
749
870
942
99
631
452
412
922
935
565
939
181
9
773
978
879
717
152
127
116
100
619
491
77
102
659
881
274
232
128
400
135
259
641
504
184
373
823
227
461
577
763
934
980
417
988
185
569
389
601
97
332
755
996
654
181
349
637
590
481
208
486
431
742
596
88
941
163
588
660
537
387
443
140
470
628
700
894
718
521
170
874
736
470
370
49
795
742
984
703
482
818
493
482
334
345
164
122
258
149
567
670
762
542
203
988
470
867
853
490
757
739
898
830
242
910
141
796
500
381
644
280
923
687
283
194
648
362
145
191
534
385
873
936
78
928
227
118
506
939
305
313
276
298
611
292
535
991
933
771
77
67
115
373
401
881
282
382
600
28
66
423
985
629
531
359
399
20
149
193
727
981
700
751
685
670
574
655
127
646
924
502
867
236
792
434
886
598
44
631
996
355
700
963
608
178
59
683
727
932
422
614
381
674
918
500
887
33
323
68
725
749
885
77
76
162
144
682
103
643
889
343
230
110
531
800
253
944
268
889
569
7
615
970
353
113
552
968
798
908
773
148
863
773
813
698
721
74
191
18
381
17
522
964
848
719
939
650
337
342
843
260
449
412
715
689
405
773
107
105
287
122
688
565
335
771
120
374
260
81
886
863
754
506
563
580
647
360
773
324
578
768
975
173
151
404
433
518
287
746
851
782
190
195
390
16
869
509
353
376
170
858
287
210
807
464
474
276
961
858
825
925
169
625
713
732
844
333
547
553
775
623
501
31
876
756
838
70
635
661
459
170
278
158
853
11
381
675
99
76
639
817
28
421
771
162
366
982
487
83
818
516
815
508
333
12
818
15
715
617
788
286
610
552
781
956
112
410
498
912
540
243
465
199
686
693
695
154
387
281
247
927
779
875
617
414
438
627
781
406
780
316
89
567
562
873
325
226
665
277
320
193
141
950
432
375
37
965
831
150
214
166
941
558
8
701
793
753
292
422
637
928
291
883
28
414
602
149
64
148
683
252
900
27
418
714
567
869
724
457
72
933
363
248
34
265
873
234
181
435
109
82
17
31
16
965
42
227
399
448
730
145
710
561
689
402
168
249
333
519
1
43
84
918
824
663
850
672
193
432
562
930
433
628
524
75
246
996
270
224
378
742
698
292
492
761
897
354
670
760
558
222
284
422
718
846
957
728
331
804
702
334
852
309
195
694
767
844
420
510
872
255
789
882
649
863
573
443
986
626
439
71
336
724
852
831
790
446
859
355
537
464
795
105
835
206
175
858
541
140
172
295
449
747
244
329
374
789
316
948
452
688
466
692
489
912
192
660
172
69
758
319
46
868
594
552
2
5
899
675
804
954
250
221
109
845
456
290
725
288
377
390
703
357
286
113
650
197
536
142
727
385
495
413
510
8
160
254
765
281
714
226
124
132
891
874
320
142
504
687
971
586
954
316
308
10
605
24
997
510
813
563
4
289
600
231
929
420
809
818
858
903
296
274
992
128
180
330
515
203
103
259
482
660
124
967
363
132
748
797
859
520
429
369
392
77
153
414
768
401
986
77
718
314
467
608
475
580
440
193
24
435
132
977
69
33
711
113
662
206
710
291
837
114
548
866
827
794
268
148
188
652
32
670
761
512
985
182
129
627
89
383
3
593
661
479
665
183
579
865
271
734
150
233
941
360
149
761
906
975
546
295
102
423
289
754
553
196
292
421
882
360
387
998
116
372
61
828
220
97
716
416
562
681
707
81
733
761
195
85
855
497
690
684
404
15
538
169
490
548
765
345
397
147
240
990
702
587
372
321
225
886
802
941
882
823
696
386
34
880
546
13
857
844
45
337
994
612
745
867
856
960
705
65
69
984
168
748
411
736
785
149
799
385
338
546
361
587
516
309
555
657
449
206
89
733
745
148
452
551
271
976
647
386
581
513
42
616
406
241
638
159
553
376
707
932
696
250
988
658
442
874
167
809
725
919
112
164
232
789
677
106
78
729
714
595
31
566
880
156
61
371
128
797
443
644
895
865
866
937
218
291
713
923
195
949
465
295
886
423
1
242
609
576
804
861
58
476
55
926
762
631
785
148
548
437
761
913
489
65
269
635
928
672
752
974
545
824
232
410
414
537
147
574
426
847
82
239
29
144
710
499
301
148
821
182
681
860
164
793
794
807
69
924
937
371
946
75
284
598
63
977
404
903
345
639
362
608
901
420
921
60
105
456
693
383
275
574
278
872
540
104
921
976
664
426
196
533
17
375
139
531
591
30
128
854
957
374
570
208
860
948
349
580
772
106
458
8
866
879
949
512
309
793
530
687
98
919
32
893
546
369
855
225
580
813
371
583
705
284
267
350
132
877
156
205
45
92
764
527
4
767
916
119
214
457
244
695
918
764
689
727
657
219
723
482
960
701
648
569
164
883
528
274
889
484
473
144
310
365
72
937
82
511
439
573
614
733
200
119
629
31
315
290
20
438
205
65
234
870
447
429
487
259
556
798
288
798
222
363
594
702
235
283
881
361
500
891
642
116
164
290
246
841
430
615
383
243
507
872
757
349
378
678
31
518
28
122
126
418
97
537
512
622
114
749
646
571
125
962
827
301
543
328
298
996
237
564
220
265
101
785
176
952
739
873
737
362
507
638
57
369
399
840
286
285
796
456
154
278
603
551
205
116
736
858
257
625
245
482
744
23
928
712
748
993
422
83
729
122
964
737
224
159
274
974
350
405
185
764
330
783
159
338
843
814
724
862
167
520
403
138
343
468
848
64
117
142
954
55
298
258
155
106
972
410
16
199
329
242
198
722
96
135
70
69
247
847
492
232
358
770
200
203
249
815
299
295
741
103
668
656
664
611
204
845
45
71
977
376
930
90
475
432
642
981
83
386
695
444
728
672
65
202
953
678
872
844
104
209
394
528
18
699
185
901
576
723
558
178
107
199
390
119
614
809
956
337
489
563
808
101
694
188
61
397
31
54
988
85
825
373
706
560
106
451
455
949
208
47
720
747
919
62
653
999
676
831
240
108
531
658
928
3
239
113
498
706
50
323
187
143
129
596
685
251
960
105
558
2
79
796
647
235
325
316
108
437
207
550
561
338
545
780
674
143
228
901
152
704
118
775
500
599
782
327
670
6
55
424
381
20
821
462
523
620
279
481
561
826
130
389
24
328
469
185
639
188
372
661
661
964
178
469
567
602
208
84
979
707
64
245
297
569
874
792
696
515
976
666
7
566
626
583
231
68
262
265
414
291
180
314
971
236
397
564
181
765
302
696
555
520
953
973
433
803
236
84
988
203
348
688
327
584
94
349
65
991
761
438
502
26
939
866
432
260
394
617
152
972
783
166
394
209
279
252
533
477
800
349
169
134
766
599
904
245
290
587
191
381
417
781
595
117
254
798
341
508
31
232
528
399
383
888
355
176
593
556
515
563
994
70
365
246
758
217
674
886
696
537
296
277
577
893
682
949
498
960
206
345
944
808
93
705
128
91
839
739
557
649
945
238
712
316
812
624
767
731
89
414
179
482
90
745
684
398
340
848
164
660
425
87
235
869
415
308
149
281
751
225
730
11
404
732
198
500
394
825
882
264
556
143
196
685
819
134
170
683
581
459
579
255
781
228
940
188
415
105
31
200
183
251
935
890
55
259
168
275
562
656
762
819
918
299
223
245
709
467
609
775
563
177
654
274
590
832
517
731
364
688
415
434
588
501
18
144
995
810
75
379
553
977
188
34
496
944
116
894
447
31
80
748
398
88
897
251
814
605
866
208
966
639
728
119
762
821
654
262
370
589
545
597
190
147
868
121
764
168
628
516
702
544
305
553
714
448
973
24
213
213
496
20
916
242
424
113
417
416
909
52
964
810
12
591
191
872
46
928
163
272
190
959
305
498
397
544
781
419
711
625
886
494
434
267
999
270
943
360
660
540
852
847
313
265
182
584
90
791
793
100
737
81
299
352
462
536
38
693
112
467
28
837
242
440
217
758
844
82
73
254
99
597
331
95
62
620
438
409
635
165
362
264
381
841
175
234
565
383
776
852
999
343
111
520
167
778
906
144
65
116
449
705
586
355
867
471
430
851
297
335
990
144
727
682
415
482
179
177
58
478
990
123
449
786
848
505
600
123
275
690
689
744
833
961
13
299
900
127
291
327
129
809
162
563
829
466
104
272
125
72
25
508
856
645
214
172
513
151
708
596
208
374
71
480
794
871
41
437
23
370
379
20
696
130
392
287
242
796
468
806
338
652
76
735
677
61
365
988
841
559
639
363
733
984
792
699
17
188
421
880
127
546
700
896
846
33
51
482
750
395
274
465
427
225
215
545
82
50
447
668
967
152
723
606
259
418
800
382
348
479
941
231
11
731
177
586
514
704
863
128
186
989
568
904
486
75
659
771
443
406
275
403
234
52
443
554
377
160
569
346
650
427
855
198
598
49
46
419
765
827
66
982
288
987
393
763
216
38
239
915
5
290
74
371
920
77
625
124
14
611
540
855
541
247
265
222
890
302
35
798
180
514
694
433
190
760
55
241
338
939
890
152
349
308
504
30
289
233
680
700
951
884
75
742
396
842
188
138
532
896
751
652
524
676
867
928
738
526
151
634
986
39
224
787
5
912
748
668
258
959
331
154
130
801
810
256
774
727
983
956
289
570
813
417
574
135
428
453
433
90
63
526
511
977
36
547
85
242
249
798
444
333
148
674
234
963
633
318
469
239
158
279
778
489
665
433
226
913
366
766
685
511
961
25
425
279
52
327
63
119
353
843
146
697
515
356
86
160
486
564
493
977
680
630
224
541
153
388
69
555
734
453
78
461
884
572
648
16
844
572
52
784
494
515
299
266
623
376
293
508
241
985
673
795
789
678
437
507
154
134
400
320
410
216
773
263
291
966
721
227
149
908
478
450
651
605
163
129
484
118
724
480
675
566
840
773
756
291
381
564
327
60
964
991
774
632
4
709
255
30
122
31
275
38
551
760
293
355
347
252
535
847
179
167
627
12
259
452
850
47
412
515
730
123
882
755
197
796
613
891
70
839
654
615
271
206
709
296
986
4
878
292
616
707
593
109
491
580
278
153
153
467
570
200
747
850
344
281
427
368
962
361
788
272
94
971
53
990
714
173
821
956
406
808
926
506
347
768
557
347
992
65
355
275
508
834
172
159
700
730
750
996
690
210
351
434
196
797
821
258
576
32
505
115
948
478
217
238
10
231
315
488
403
730
57
269
937
629
613
130
305
929
658
944
254
629
970
960
556
834
437
95
957
138
278
554
992
299
601
540
773
463
463
33
399
228
400
386
713
754
69
113
249
109
367
272
717
250
892
193
609
713
432
888
513
819
851
890
167
112
858
968
99
975
647
493
967
906
351
436
716
76
127
311
648
545
386
801
894
742
276
309
519
26
552
178
629
410
858
673
966
901
336
476
56
188
475
517
631
277
467
389
22
836
403
323
833
976
325
485
763
510
116
268
435
26
499
387
967
890
992
325
670
777
429
813
816
270
896
582
138
762
805
2
214
111
803
854
684
450
420
669
869
908
885
195
751
834
392
215
361
949
191
365
787
654
935
71
963
311
391
119
331
743
494
592
809
438
475
902
728
329
507
82
193
165
298
709
387
941
247
252
459
533
613
407
456
747
636
306
235
67
774
483
429
21
402
296
290
325
640
362
703
255
888
988
172
455
412
146
271
997
682
559
127
535
268
932
445
934
824
467
274
556
460
18
874
227
842
477
546
85
679
945
487
393
528
351
154
471
143
490
132
279
19
804
730
679
133
298
197
769
720
689
960
859
138
592
641
693
904
966
824
581
400
364
875
733
523
814
649
513
729
129
967
470
452
44
745
703
137
815
494
914
161
903
4
312
671
350
903
61
265
477
686
191
278
276
190
236
75
715
725
153
532
281
112
225
572
359
309
952
253
803
102
442
680
405
876
845
57
546
294
887
56
560
73
853
514
672
176
119
215
281
372
287
850
874
575
946
836
750
712
59
582
868
436
616
458
51
850
434
212
451
589
139
731
774
974
513
325
948
294
399
14
622
296
245
34
489
915
444
384
802
833
929
237
779
957
926
822
357
760
812
488
948
430
512
259
911
558
449
70
735
934
146
579
639
553
904
455
480
261
724
132
576
589
569
6
925
316
946
87
47
11
515
408
597
229
571
874
977
561
917
234
958
299
506
418
725
552
597
75
632
538
429
88
76
615
273
660
358
867
106
5
460
31
903
597
51
342
98
263
490
466
152
341
593
846
272
415
442
523
884
675
563
917
164
371
705
214
134
527
736
848
323
379
610
146
906
228
155
95
346
713
962
339
236
850
577
879
702
277
201
305
440
292
610
69
971
851
412
769
964
362
918
288
677
207
21
150
848
492
858
255
475
250
951
55
244
671
988
709
627
632
840
400
694
644
58
987
828
145
615
817
473
436
327
704
683
377
112
536
404
274
576
700
355
420
515
647
231
679
722
700
586
685
335
278
178
616
265
770
626
795
504
1
34
845
97
3
651
550
158
758
923
451
308
839
556
202
556
693
331
158
45
55
106
597
90
814
925
209
202
660
950
10
480
702
57
380
13
551
180
6
110
532
700
710
996
580
153
321
221
899
678
950
460
660
728
516
741
108
47
891
308
205
15
964
32
949
38
530
572
733
489
997
379
229
151
990
346
200
948
102
947
285
845
816
998
207
999
87
999
604
964
549
321
310
423
800
467
806
555
219
412
74
521
12
424
320
356
753
214
63
650
901
571
629
775
775
510
549
642
546
989
880
431
762
923
626
975
399
851
379
980
146
921
244
568
832
797
789
433
834
790
528
818
151
807
12
320
760
338
565
227
728
894
677
447
570
268
993
145
443
801
353
532
253
353
272
618
250
390
853
159
75
493
552
630
301
578
829
402
524
443
532
273
873
350
30
870
321
959
168
74
460
213
69
942
477
543
577
603
130
673
32
485
426
797
200
26
987
119
394
21
723
442
445
510
764
601
213
939
413
555
778
591
474
921
386
550
578
626
132
693
450
305
978
530
650
540
542
798
518
322
575
431
564
871
485
309
587
892
948
68
738
199
758
287
438
778
292
929
54
743
63
235
448
456
780
434
847
680
470
508
397
265
437
557
157
674
63
701
26
112
403
760
221
995
180
266
707
804
231
216
67
313
285
973
662
73
420
549
735
831
166
486
343
918
169
613
742
664
154
128
232
375
833
751
282
216
779
822
391
982
886
703
659
500
944
275
329
982
454
737
505
557
390
238
657
206
611
364
595
848
174
115
977
285
429
376
456
281
38
702
716
270
138
399
987
748
26
205
255
965
119
220
503
781
683
259
472
438
247
863
656
401
87
145
364
739
689
524
97
574
410
119
344
428
229
67
11
175
922
931
456
871
716
385
210
353
188
954
562
9
105
305
265
118
759
909
213
423
991
901
600
553
981
433
441
603
873
838
44
675
558
570
753
589
918
166
138
399
362
42
688
869
846
36
219
519
90
190
964
305
17
806
982
171
307
602
900
283
910
707
629
943
705
140
801
647
556
664
792
645
865
59
854
187
851
388
373
388
316
984
188
876
264
720
403
248
339
356
148
389
745
949
873
58
14
935
361
983
449
364
132
13
490
94
971
979
553
470
409
617
763
150
141
181
669
14
400
120
630
390
525
907
517
647
946
938
43
229
442
936
568
244
69
818
840
443
836
220
775
893
282
634
440
249
489
968
710
616
891
219
859
362
409
311
26
153
436
206
403
318
842
27
170
846
521
721
927
837
489
639
45
298
491
671
655
531
61
923
296
207
436
337
461
667
77
758
506
56
835
504
191
509
643
962
992
560
3
25
587
201
526
765
290
592
266
625
974
383
874
302
159
453
922
901
642
599
433
229
68
37
327
405
106
836
536
320
448
897
708
512
419
620
817
850
750
865
637
32
587
571
414
393
316
855
888
812
454
487
985
372
877
447
73
157
624
518
391
389
189
509
87
613
178
229
405
730
841
163
330
901
408
398
274
962
822
790
611
643
821
763
183
432
856
766
444
476
141
321
364
122
471
570
130
224
849
426
110
786
298
351
265
464
319
995
64
168
217
474
729
429
957
428
609
252
394
252
54
349
812
11
887
259
142
311
800
606
136
61
532
682
504
817
383
655
141
26
998
189
709
253
209
123
866
243
578
405
279
314
652
193
202
132
692
852
944
128
223
261
692
31
844
419
559
803
132
927
673
937
617
643
223
681
767
676
336
56
919
724
449
483
112
338
740
980
936
454
76
815
237
324
421
498
40
616
466
975
548
591
597
208
742
467
611
853
91
250
917
152
360
339
105
786
95
814
5
82
285
145
666
51
387
515
482
317
445
727
313
983
925
467
596
531
889
216
330
390
661
504
942
813
510
724
851
867
824
960
348
132
643
355
800
323
179
965
834
620
759
244
687
832
315
799
200
486
992
676
545
503
636
357
633
328
314
231
468
666
497
648
980
940
964
538
147
419
751
504
500
808
685
911
454
443
455
995
269
373
252
811
522
100
525
672
989
655
4
68
990
666
125
120
269
896
770
709
271
595
450
50
540
840
385
340
180
204
429
958
759
760
638
638
475
76
287
306
84
219
287
141
867
362
330
405
873
690
408
105
136
465
329
239
420
76
189
682
658
14
510
3
194
993
985
533
501
698
416
452
335
938
303
287
232
954
420
623
844
917
578
171
234
715
757
50
267
448
609
356
278
703
673
141
563
536
921
100
329
210
119
775
452
904
508
327
279
762
441
148
934
917
433
557
419
191
735
604
481
355
893
963
873
889
621
503
509
332
263
677
663
216
688
81
642
507
601
350
866
921
800
406
239
926
481
416
120
708
989
49
255
407
619
105
864
1000
762
895
75
346
499
250
871
798
67
761
62
745
409
408
633
2
427
365
214
744
534
357
253
637
557
331
985
723
598
582
963
597
853
800
588
961
946
717
575
849
513
483
272
532
973
430
176
737
958
739
667
220
391
823
54
157
677
13
780
115
415
778
477
252
148
197
524
574
173
557
920
615
822
551
251
155
53
42
943
712
76
88
523
803
631
404
824
690
595
628
300
354
78
985
775
129
636
258
108
787
324
123
663
303
962
634
571
381
753
957
218
522
904
80
957
304
32
106
320
695
535
460
541
926
55
225
360
880
849
44
106
738
312
645
851
620
921
656
853
684
143
543
596
873
52
477
236
230
65
738
721
519
429
698
685
219
203
253
940
780
412
302
327
80
243
720
387
142
871
301
444
184
63
119
588
873
324
526
790
812
231
196
556
228
683
586
390
951
356
843
852
455
77
998
527
842
93
235
694
526
434
670
478
95
930
998
364
601
286
237
429
804
282
883
32
737
611
520
103
523
682
978
424
941
886
305
467
772
527
55
906
890
31
544
566
24
597
998
803
75
123
624
755
94
136
78
628
182
162
854
797
998
725
204
498
791
990
293
894
117
603
574
673
191
316
689
802
175
28
122
12
223
577
692
3
585
518
623
172
166
833
180
668
58
943
777
478
556
56
782
812
267
41
560
842
212
9
412
626
987
249
872
799
802
48
342
448
304
560
698
365
899
11
203
153
462
40
970
371
534
528
74
507
700
833
315
721
186
359
623
475
384
59
153
288
902
549
236
443
746
886
53
302
695
522
949
982
330
153
913
980
650
14
180
823
492
768
497
679
911
712
847
874
581
568
672
916
751
331
643
305
451
90
645
181
151
199
140
258
149
382
954
58
485
915
355
708
605
9
870
227
825
511
644
769
882
194
777
483
122
244
40
291
126
723
35
567
392
766
524
358
488
697
455
350
880
808
531
504
680
304
874
773
582
705
625
3
109
451
402
711
507
462
844
94
437
254
615
288
349
64
592
650
14
316
400
311
411
887
745
474
27
689
500
477
850
883
663
409
808
164
851
474
698
155
743
839
932
890
651
180
408
908
439
608
854
894
578
61
652
570
367
155
193
44
12
859
998
592
847
211
442
528
765
902
920
370
540
860
867
499
124
167
323
369
858
517
633
980
766
239
45
517
301
899
333
785
650
972
447
468
979
542
136
328
408
133
732
186
692
632
332
138
922
708
742
136
75
675
230
884
414
385
488
184
114
663
524
473
565
153
207
10
91
359
737
366
365
819
742
108
79
810
978
743
235
71
425
533
206
909
114
806
931
821
877
231
478
410
189
912
291
86
861
477
347
63
925
829
952
597
128
732
104
879
245
289
333
332
834
87
159
667
747
370
235
182
79
417
810
244
487
109
987
508
163
918
963
565
430
194
563
619
839
196
887
218
611
526
508
216
967
646
280
31
404
697
541
406
39
323
282
673
974
581
549
671
328
958
101
514
246
267
56
805
500
855
1000
717
191
669
235
896
474
708
782
847
927
394
822
258
751
919
537
301
214
987
978
105
883
889
85
3
341
909
307
712
539
536
107
602
628
805
901
94
123
9
387
438
961
343
906
317
361
696
332
166
760
374
253
872
380
705
109
885
134
441
208
576
126
765
61
678
642
799
40
762
900
738
18
950
407
179
230
354
973
305
895
1000
498
928
68
907
159
506
378
570
154
246
318
871
550
251
223
305
438
644
96
860
556
299
268
113
415
713
80
97
617
193
227
165
845
854
753
3
659
87
522
180
567
833
616
470
350
380
803
481
60
6
446
888
294
152
253
85
859
706
863
534
144
404
352
158
114
511
516
860
784
567
161
554
152
553
535
154
490
919
125
164
873
444
287
201
417
631
231
402
948
200
569
428
706
350
531
449
938
947
387
162
689
304
17
437
768
719
363
42
351
934
444
284
567
332
384
511
877
80
837
567
947
942
535
334
367
755
399
843
449
356
897
878
374
619
351
371
544
458
310
563
29
875
298
995
491
489
619
206
735
177
919
370
998
856
406
49
384
941
434
905
71
163
34
506
613
659
650
612
137
588
372
711
164
796
292
807
87
583
696
668
887
315
686
132
832
738
383
673
891
870
949
190
497
81
915
601
237
969
452
100
251
300
942
202
303
518
834
800
904
570
537
476
790
849
242
899
932
168
719
297
611
348
2
280
446
420
247
36
755
331
54
58
397
413
287
226
998
660
88
77
645
807
880
911
320
182
721
4
59
80
176
333
139
889
287
59
937
162
563
979
644
586
190
484
422
114
585
717
337
658
353
134
479
777
173
130
140
589
256
954
404
441
354
140
813
602
490
583
708
38
965
532
104
877
855
7
753
605
656
946
911
830
850
628
623
126
494
998
361
645
962
664
97
118
760
523
862
855
831
879
528
529
660
535
401
725
541
542
966
624
633
811
461
809
964
683
276
303
895
703
868
415
223
802
803
303
688
542
810
153
606
857
717
245
266
913
315
598
976
652
61
596
530
431
755
908
261
814
562
102
726
940
978
426
942
994
359
647
181
219
358
603
220
600
56
160
637
683
888
111
145
191
402
528
377
598
376
468
326
837
43
433
805
329
946
152
61
362
196
954
967
631
757
455
483
959
951
226
396
991
605
115
410
562
949
929
877
357
386
916
541
113
401
118
235
904
405
501
162
214
63
32
35
266
165
95
974
427
690
498
909
776
154
7
47
175
637
188
415
407
697
236
266
328
181
951
163
544
633
953
82
345
408
63
660
159
92
125
679
936
409
950
18
641
976
95
76
550
109
428
900
879
971
595
395
232
828
105
815
523
177
122
824
684
155
347
933
831
312
607
702
487
126
229
668
498
686
424
433
400
221
106
399
223
953
96
539
181
353
312
547
672
83
361
327
328
623
479
916
380
926
562
888
243
610
509
951
560
241
615
369
323
159
829
698
394
382
677
730
706
149
739
174
611
417
233
773
413
864
528
564
844
540
67
461
781
616
870
139
52
273
308
394
674
630
985
605
81
66
234
840
114
702
509
868
940
522
874
264
147
776
359
930
923
343
91
757
265
327
985
922
150
609
449
900
270
617
555
343
763
323
516
88
477
357
939
940
107
984
6
806
642
706
599
928
939
241
10
609
315
868
427
955
209
539
452
887
871
537
284
197
36
752
288
623
781
560
508
368
614
678
700
144
87
556
694
305
755
784
685
333
949
341
580
489
553
581
970
402
300
370
113
138
537
213
857
837
826
544
878
173
28
398
998
332
66
778
453
120
628
424
680
316
424
57
397
788
294
504
807
740
911
173
962
14
69
78
21
960
764
456
672
256
706
900
13
279
318
828
215
917
876
94
757
972
639
222
170
92
939
372
946
931
798
734
942
595
990
803
369
651
936
841
385
131
60
217
932
558
677
524
819
635
231
998
826
577
866
155
893
156
648
285
589
676
156
411
592
153
655
714
685
632
647
816
673
733
704
362
161
728
288
693
772
835
915
909
1000
263
639
502
410
195
763
272
684
1000
905
490
248
757
612
360
660
699
243
508
703
154
495
701
607
672
631
413
781
1
502
814
618
320
290
665
846
985
178
814
842
789
108
703
759
822
313
579
874
42
830
8
357
98
355
582
529
400
169
797
158
237
850
999
56
60
559
180
880
334
500
95
678
463
11
678
763
789
781
764
719
681
921
539
914
810
78
699
722
705
528
372
847
254
554
48
640
807
524
355
839
17
559
387
907
998
337
266
174
399
489
47
682
937
302
669
508
122
619
197
148
389
20
172
821
850
168
855
221
735
191
471
869
86
958
827
515
643
225
248
332
714
734
631
447
203
299
970
36
863
218
891
111
483
580
181
24
572
711
277
493
277
252
815
266
181
540
285
524
904
584
854
352
874
917
321
191
442
754
674
974
626
70
369
922
843
599
648
659
561
660
174
97
239
811
412
142
957
259
65
816
26
633
930
610
681
520
736
639
68
100
61
772
714
632
226
221
956
701
985
168
716
590
548
388
353
243
898
920
218
933
772
486
957
830
250
138
62
303
158
109
850
854
693
911
829
453
501
982
789
875
815
703
704
777
702
777
38
26
681
569
446
93
797
966
593
771
833
613
955
68
615
642
155
86
614
484
627
398
731
137
821
469
722
737
334
38
954
931
988
38
570
180
810
286
259
599
159
873
807
837
34
618
624
139
91
219
561
817
931
122
116
277
705
111
757
432
141
594
314
23
684
330
479
205
404
410
910
650
362
963
256
484
263
988
618
251
88
106
864
346
564
66
676
189
836
710
529
552
963
344
807
397
469
508
521
933
786
268
866
845
739
409
656
98
68
298
641
831
889
618
841
991
630
843
454
273
770
162
810
705
444
907
70
446
744
90
613
893
117
374
624
184
188
688
997
328
568
410
15
170
204
453
740
262
909
857
832
546
234
91
673
562
213
653
454
728
442
572
439
961
29
953
734
842
863
730
866
440
461
230
33
323
394
681
28
175
336
700
218
539
747
947
371
201
878
337
746
193
166
414
261
973
496
845
911
643
747
154
746
788
927
821
594
720
242
364
895
62
234
137
369
336
940
239
32
797
572
64
445
932
300
57
220
143
38
539
34
978
285
389
908
830
19
849
762
534
538
203
401
334
314
237
545
179
747
660
780
725
510
296
46
233
645
23
395
589
26
42
795
786
358
46
802
567
271
752
281
559
450
886
64
994
347
979
374
856
300
3
836
270
509
307
816
113
263
862
34
630
706
177
406
20
357
429
874
868
530
803
268
482
704
995
236
687
442
632
382
818
666
719
564
20
526
893
933
761
470
121
900
134
457
518
530
515
435
971
128
623
377
466
782
142
917
909
325
767
661
697
757
64
617
819
320
447
659
925
68
411
777
568
223
861
373
799
982
842
911
160
28
378
888
85
812
677
396
680
669
341
996
947
910
230
2
495
499
277
185
828
959
679
465
260
975
308
650
608
908
736
450
553
184
945
703
989
518
83
650
284
850
237
983
669
556
808
13
316
51
360
100
925
154
569
661
642
516
649
454
301
210
359
734
49
170
226
518
567
19
487
271
445
667
425
527
476
401
649
806
558
591
72
139
470
519
395
738
617
486
525
537
866
27
930
668
515
488
735
846
489
878
295
144
562
659
704
41
256
949
219
747
985
157
736
750
136
765
99
981
399
119
357
374
58
865
248
346
205
14
269
795
513
967
941
942
110
187
202
889
689
529
385
234
26
785
703
739
951
657
376
88
661
370
238
909
676
532
762
82
63
229
733
745
227
335
534
561
692
41
586
241
185
448
180
696
867
974
577
971
51
637
728
587
820
241
31
108
669
483
783
629
181
716
498
117
657
912
359
469
480
11
608
767
948
369
747
380
628
539
362
50
491
181
791
741
220
508
515
71
640
999
121
296
968
420
518
2
547
158
632
1000
307
552
598
253
123
731
235
37
245
441
10
570
364
517
651
895
801
942
41
151
120
946
921
406
911
182
694
295
283
617
293
558
306
120
155
638
656
503
726
104
301
98
54
463
908
55
59
300
803
897
731
258
945
68
996
426
245
969
876
392
171
620
698
972
581
794
610
624
689
873
639
132
778
78
292
577
831
715
19
214
318
924
711
739
733
905
19
945
926
920
272
634
207
211
91
556
445
409
113
890
142
862
39
393
375
151
460
356
709
653
946
344
444
131
139
725
473
781
861
831
482
898
117
582
907
192
355
843
218
138
698
921
152
65
399
579
447
88
851
992
1000
978
43
223
970
342
130
666
280
627
312
918
863
813
560
524
80
446
67
666
795
919
734
695
44
830
433
92
166
575
323
662
78
510
726
795
532
777
240
389
800
454
830
773
360
450
183
786
619
54
273
823
489
951
25
391
47
549
345
885
348
844
451
761
522
540
860
237
396
670
105
279
45
420
10
15
30
823
974
326
962
571
222
956
499
330
511
642
465
124
776
200
227
590
589
356
556
263
477
442
39
583
162
966
628
190
22
878
871
372
14
593
99
548
285
42
99
144
207
38
912
835
406
297
501
473
77
609
14
548
188
288
991
362
788
22
406
783
111
242
183
44
779
363
883
275
802
30
431
685
48
543
374
726
612
16
119
65
464
100
972
634
774
778
606
477
777
991
113
228
462
21
581
600
266
545
650
600
388
389
951
999
579
391
558
187
796
982
627
886
969
394
926
2
952
178
945
580
826
862
327
383
103
981
793
884
246
215
479
379
106
474
139
196
611
784
346
87
130
242
212
145
1
35
486
332
72
722
575
938
197
115
829
217
463
442
729
174
337
981
836
802
485
30
796
501
452
987
613
738
18
642
375
827
61
580
1000
29
462
743
576
935
948
615
204
16
489
381
582
320
451
958
464
795
232
565
812
548
361
607
291
622
72
537
516
706
405
554
879
926
497
283
167
183
449
597
581
757
630
805
315
968
521
842
463
855
773
4
953
703
308
758
872
820
641
783
333
72
506
456
23
698
725
472
176
17
815
144
859
362
11
234
39
97
83
451
443
124
771
846
188
910
847
229
65
186
487
773
966
711
893
380
757
854
271
617
78
784
795
800
344
411
619
403
199
9
595
939
6
410
380
384
349
47
37
6
151
961
862
362
726
716
82
627
347
522
29
688
375
914
391
840
26
457
54
378
254
485
709
147
285
428
348
529
792
875
925
956
813
329
225
424
797
835
967
532
331
413
958
411
334
177
922
597
228
471
920
211
36
388
212
751
23
287
390
413
583
709
106
431
791
47
91
791
147
898
759
550
588
298
127
591
358
195
411
322
588
760
314
172
609
434
996
421
496
463
505
53
409
17
381
807
397
200
100
234
205
169
596
649
795
421
515
122
825
824
750
384
94
266
306
194
967
128
648
319
394
657
531
830
145
245
152
378
918
265
639
372
680
354
591
462
788
870
953
498
900
67
142
579